1520875
912673
1560896
1601613
1481544
1331000
1157625
912673
32768
1092727
1259712
1367631
1481544
1157625
1061208
1157625
970299
912673
1560896
1157625
1367631
1331000
32768
1815848
1157625
1481544
912673
1225043
32768
1481544
1367631
912673
1000000
1295029
912673
1331000
32768
1191016
1030301
1481544
1601613
1520875
912673
1259712
1030301
1295029
32768
1685159
1030301
1157625
1481544
912673
1331000
1092727
1259712
1030301
32768
970299
1030301
1481544
1601613
1295029
1157625
1331000
912673
1259712
32768
1295029
1157625
1481544
912673
970299
1601613
1259712
1367631
1601613
1520875
1259712
1771561
32768
1030301
1295029
941192
1367631
1259712
1157625
1520875
1295029
1157625
970299
32768
912673
1092727
1481544
1367631
1092727
1030301
1367631
1259712
1367631
1092727
1157625
970299
912673
1259712
32768
1030301
970299
1560896
1367631
1331000
1030301
1404928
1124864
1481544
1157625
1000000
1157625
1601613
1295029
32768
1601613
1259712
1520875
1560896
1030301
1481544
1157625
912673
1331000
32768
1000000
1030301
970299
1367631
1295029
1404928
1367631
1601613
1331000
1000000
32768
1404928
1124864
1367631
1560896
1367631
1259712
1157625
1560896
1124864
1367631
1092727
1481544
912673
1404928
1124864
32768
970299
912673
1560896
912673
1000000
1157625
970299
1481544
1367631
1560896
1157625
1520875
1295029
32768
1520875
1560896
1481544
1367631
1331000
1092727
1124864
1030301
912673
1000000
1030301
1000000
1331000
1030301
1520875
1520875
32768
1157625
1331000
1560896
1030301
1481544
1643032
1157625
1520875
1157625
941192
1157625
1259712
1157625
1560896
1771561
32768
941192
1259712
1367631
912673
1560896
1030301
1000000
1331000
1030301
1520875
1520875
32768
1481544
1124864
912673
1092727
1157625
1367631
1331000
1157625
1000000
912673
1030301
32768
970299
912673
1481544
941192
1367631
1331000
1157625
1092727
1030301
1331000
1367631
1601613
1520875
32768
1157625
1331000
1560896
1030301
1481544
1259712
1157625
1331000
1030301
912673
1259712
32768
1000000
1030301
970299
1030301
1295029
1061208
1367631
1259712
1157625
912673
1560896
1030301
32768
1259712
912673
1331000
1331000
1030301
1481544
1030301
1560896
32768
1124864
1601613
1560896
1560896
1367631
1331000
1157625
912673
1331000
32768
970299
1367631
1295029
1404928
1030301
1560896
1030301
1331000
1560896
1331000
1030301
1520875
1520875
32768
1367631
1643032
1030301
1481544
941192
1030301
912673
1481544
32768
912673
1331000
1560896
1157625
1404928
1259712
912673
1520875
1560896
1157625
970299
32768
941192
1157625
1092727
1685159
1157625
1092727
1092727
1030301
1000000
1331000
1030301
1520875
1520875
32768
1520875
1030301
1295029
1157625
1092727
1030301
1331000
1560896
1259712
1030301
1295029
912673
1331000
32768
970299
1367631
1331000
970299
1030301
912673
1259712
1030301
1000000
32768
1601613
1331000
970299
1367631
1331000
1560896
1481544
1367631
1643032
1030301
1481544
1560896
1157625
941192
1259712
1030301
32768
1000000
1157625
1520875
1404928
912673
1560896
970299
1124864
1030301
1481544
32768
941192
1157625
1520875
1124864
1367631
1404928
1520875
1124864
1157625
1404928
32768
1157625
1331000
1000000
1601613
1643032
1157625
912673
1030301
32768
1191016
1601613
941192
912673
32768
1520875
1030301
941192
912673
970299
912673
1560896
1030301
32768
941192
1601613
1092727
912673
1331000
32768
912673
970299
1030301
1560896
912673
941192
1601613
1259712
1157625
1061208
1030301
1481544
1367631
1601613
1520875
32768
970299
1367631
1331000
1367631
1404928
1367631
1404928
1124864
912673
1092727
912673
32768
1331000
1157625
1295029
1481544
1367631
1000000
32768
1030301
1331000
1560896
1030301
1481544
1367631
1815848
1367631
1157625
970299
32768
970299
1367631
1728000
912673
1481544
1560896
1124864
1481544
1157625
1560896
1157625
1520875
32768
1092727
1481544
912673
1331000
1000000
912673
1601613
1331000
1560896
32768
1157625
1331000
970299
1367631
1295029
1404928
912673
1520875
1520875
1157625
1367631
1331000
912673
1560896
1030301
1331000
1030301
1520875
1520875
32768
912673
1030301
1481544
1367631
1092727
1030301
1331000
1157625
970299
912673
1259712
1259712
1771561
32768
941192
1157625
1331000
1331000
1367631
1092727
1601613
1030301
32768
1259712
1030301
1601613
970299
1367631
941192
912673
1520875
912673
1259712
1560896
32768
1560896
912673
941192
1601613
1560896
32768
970299
1601613
1481544
32768
1481544
1030301
912673
1520875
1520875
1367631
970299
1157625
912673
1560896
1157625
1367631
1331000
32768
1481544
912673
1295029
1331000
1030301
1331000
1520875
1030301
1520875
32768
941192
912673
1092727
1404928
1157625
1404928
1030301
32768
912673
941192
1520875
1030301
1331000
1560896
912673
1560896
1157625
1367631
1331000
32768
1404928
1367631
1520875
1560896
912673
1520875
1560896
1124864
1295029
912673
1560896
1157625
970299
32768
1601613
1331000
1295029
1030301
1560896
1481544
1157625
970299
32768
1404928
1481544
1030301
1643032
1157625
1520875
1157625
941192
1259712
1030301
32768
941192
912673
970299
1225043
941192
1367631
1331000
1030301
1000000
32768
1520875
1404928
1030301
1481544
1295029
912673
1560896
1157625
1815848
1030301
32768
912673
970299
1030301
1560896
1771561
1259712
1092727
1259712
1771561
970299
1157625
1331000
1030301
32768
970299
1367631
1331000
1092727
1481544
1030301
1520875
1520875
32768
1481544
1030301
1520875
1030301
1404928
1601613
1259712
970299
1124864
1030301
1481544
32768
941192
1157625
1367631
1000000
1771561
1331000
912673
1295029
1157625
970299
32768
1404928
1259712
912673
1560896
1367631
1331000
1030301
1520875
1442897
1601613
1030301
32768
941192
1157625
1520875
1030301
1728000
1601613
912673
1259712
1259712
1771561
32768
1520875
1601613
1259712
1404928
1124864
1367631
1331000
1030301
32768
1295029
1157625
970299
1481544
1367631
1404928
1481544
1367631
1191016
1030301
970299
1560896
1367631
1481544
32768
1030301
1728000
1124864
1030301
1481544
1030301
1000000
912673
1560896
1157625
1367631
1331000
32768
1520875
912673
941192
1030301
1481544
32768
1481544
1030301
1404928
1259712
1771561
1157625
1331000
1092727
1259712
1771561
32768
912673
1404928
1560896
1030301
1481544
1771561
1092727
1030301
1520875
32768
1367631
1520875
1560896
1030301
1331000
1520875
1157625
1367631
1331000
32768
970299
1367631
1331000
1643032
1157625
1331000
970299
1030301
1295029
1030301
1331000
1560896
32768
1520875
1601613
941192
1601613
1259712
1560896
1157625
1295029
912673
1560896
1030301
32768
970299
1601613
941192
1157625
1560896
1157625
1030301
1481544
1030301
32768
1601613
1331000
970299
1367631
1331000
1520875
1404928
1157625
970299
1601613
1367631
1601613
1520875
1331000
1030301
1520875
1520875
32768
1259712
1367631
970299
1601613
1520875
1560896
912673
32768
1000000
1157625
1520875
1124864
1295029
912673
1225043
1030301
1481544
32768
1520875
1601613
941192
1815848
1771561
1092727
1367631
1295029
912673
1560896
1157625
970299
32768
1124864
1771561
1000000
1481544
1367631
1520875
912673
1481544
970299
1367631
970299
1030301
1259712
1030301
32768
1601613
1331000
1000000
1030301
1404928
1367631
1520875
1030301
1000000
32768
1124864
1771561
1404928
1367631
1124864
1030301
1295029
1157625
912673
32768
1259712
1030301
1601613
970299
912673
1030301
1331000
912673
32768
1259712
1030301
1601613
970299
1367631
1520875
1367631
1259712
1030301
1331000
1157625
1157625
1000000
912673
1030301
32768
1000000
1601613
1367631
1259712
1030301
32768
912673
1601613
1560896
1367631
1481544
1030301
1000000
1601613
970299
1560896
1157625
1367631
1331000
32768
1520875
1367631
1295029
941192
1481544
1030301
32768
1771561
1601613
1815848
1259712
1157625
1225043
32768
1404928
1481544
1601613
1000000
1030301
32768
970299
1367631
1331000
970299
1124864
1157625
1560896
1157625
1520875
32768
1000000
1030301
970299
1367631
1331000
1560896
1481544
1367631
1259712
32768
1030301
1331000
1259712
1157625
1092727
1124864
1560896
1030301
1331000
1030301
1481544
32768
1000000
1157625
1643032
1367631
1481544
970299
1157625
941192
1259712
1030301
32768
941192
1367631
1331000
941192
1367631
32768
1442897
1601613
912673
1000000
1481544
1157625
1259712
912673
1560896
1030301
1481544
912673
1259712
1259712
1771561
32768
1520875
1124864
1481544
1157625
1259712
1259712
32768
1331000
1367631
1331000
1157625
1331000
970299
1481544
1030301
912673
1520875
1157625
1331000
1092727
32768
1367631
1000000
1367631
1331000
1560896
1367631
1259712
1367631
1092727
1157625
1520875
1560896
32768
1520875
970299
1481544
1157625
1295029
1520875
1124864
912673
1331000
1225043
32768
941192
912673
1520875
1442897
1601613
1157625
1331000
1030301
32768
1481544
1030301
1259712
1030301
1643032
912673
1331000
970299
1771561
32768
